-1.155354900047800E12
-9.063750167520125E11
6.173957909153964E10
60268E3
1
0.5
0
5.436198015982582E3
-7.623004288891737E3
-8.389939282874596E1
5.68319E26
.
-1.155414642803579E12
-9.065289493997029E11
6.183025548739048E10
198.80E3
1
1
1
1.866337597875796E4
-1.241502941458525E4
8.482672259550498E2
3.75E22
.
-1.155126548731460E12
-9.064444535623842E11
6.175387427140296E10
252.3E3
0
1
1
8.991985391250772E3
2.917106036260900E3
-5.952356119357700E3
10.805E22
.
-1.155240107122755E12
-9.066183874627701E11
6.185956207331274E10
536.3E3
1
0
1
1.583515812850908E4
-4.197435284676493E3
-3.088145705292871E3
61.76E22
.
-1.155750947058273E12
-9.073853551858379E11
6.229995670420694E10
2575.5E3
0
1
0
1.073690506512167E4
-9.314491491182523E3
2.644267303182103E2
13455.3E22
.