1.144424469790667E11
9.808991204506876E10
-8.046191276534213E6
4.0E10
1.0
1.0
0.0
-1.912913053272341E4
2.295363481503630E4
-9.588704729539321E-5
1.9891E30
. sun
1.681830772992659E11
9.152287384909311E10
-5.475419200134031E9
5.0E9
1.0
1.0
1.0
-2.264276673338681E4
7.348891943801931E4
4.355546473262901
3.302E23
. mercury
1.663678134201641E11
1.927280723405001E11
-1.708046128802227E9
8.0E9
0.0
1.0
0.0
-4.994433914596369E4
3.964151246318023E4
1.911218293149091
48.685E23
. venus
3.305578622774176E6
1.275563941119492E6
-5.291553492928249E6
8.0E9
0.0
0.0
1.0
-2.388184965727667E-4
2.216673166677750E-4
-9.575306790435320E-5
5.9736E24
. earth
2.898563478622453E11
2.236685399595083E11
-1.683806400309543E9
6.0E9
1.0
0.0
0.0
-3.230840645535834E4
4.471996557924481E4
6.837372632927246E-4
6.4185E23
. mars
1.931595217729060E11
8.574780949551713E11
-4.923376636046599E9
1.5E10
1.0
0.5
0.0
-3.229533956874227E4
2.492163919444931E4
1.905038762756652E-4
1898.13E24
. jupiter
-1.040832370818843E12
-8.079046126124158E11
6.174028360721891E10
1.3E10
1.0
1.0
1.0
-1.370388309710923E4
1.533084996596534E4
-1.795376575855387E-4
5.68319E26
. saturn
3.079527626327963E12
5.496984467169080E11
-3.673609914411980E10
1.0E10
0.0
1.0
1.0
-2.021456882808753E4
2.936891803423613E4
-5.790102307772554E-5
86.8103E24
. uranus
4.113256751461767E12
-1.934370570313940E12
-5.029043584101645E10
1.0E10
1.0
0.0
1.0
-1.671277662918034E4
2.783192693571000E4
-2.515418383496586E-4
102.41E24
. neptune